0.000000000000000000e+00 8.099987506866455078e-01 -5.254637822508811951e-02
0.000000000000000000e+00 0.000000000000000000e+00 0.000000000000000000e+00
0.000000000000000000e+00 0.000000000000000000e+00 0.000000000000000000e+00
-1.669921576976776123e-01 0.000000000000000000e+00 8.999992609024047852e-01
-2.192662209272384644e-01 8.999993801116943359e-01 0.000000000000000000e+00
8.999993801116943359e-01 0.000000000000000000e+00 -3.937499821186065674e-01
-6.677270531654357910e-01 -7.246093750000000000e-01 -6.593749523162841797e-01
0.000000000000000000e+00 0.000000000000000000e+00 1.000000000000000000e+00
-2.124999910593032837e-01 1.000000000000000000e+00 -5.000000000000000000e-01
1.000000000000000000e+00 -5.000000000000000000e-01 -5.000000000000000000e-01
-9.687500000000000000e-01 -9.687500000000000000e-01 -9.843750000000000000e-01
0.000000000000000000e+00 0.000000000000000000e+00 0.000000000000000000e+00
