-7.289877533912658691e-01 0.000000000000000000e+00 0.000000000000000000e+00
0.000000000000000000e+00 0.000000000000000000e+00 0.000000000000000000e+00
-8.099921345710754395e-01 -8.099944591522216797e-01 -8.099927306175231934e-01
0.000000000000000000e+00 0.000000000000000000e+00 5.068908333778381348e-01
-1.771874874830245972e-01 6.433593630790710449e-01 0.000000000000000000e+00
5.906249880790710449e-01 -3.937499821186065674e-01 -4.359374940395355225e-01
-8.999994993209838867e-01 -8.999995589256286621e-01 -8.999994397163391113e-01
-1.285156160593032837e-01 -3.249999880790710449e-01 8.750000000000000000e-01
-3.812499642372131348e-01 9.687500000000000000e-01 -5.000000000000000000e-01
9.960937500000000000e-01 0.000000000000000000e+00 -7.500000000000000000e-01
-1.000000000000000000e+00 -1.000000000000000000e+00 -1.000000000000000000e+00
0.000000000000000000e+00 0.000000000000000000e+00 0.000000000000000000e+00
